44.85113786
70.93062859
58.1956548
45.56099257
56.34326836
59.58257321
59.27578889
72.15867252
79.39000461
69.03871778
84.28325639
72.92838027
84.69381217
101.2602221
122.4808312
92.42780263
101.033469
102.1319709
107.6271157
111.5618654
137.3829842
139.3951483
129.5171488
142.4572515
158.7639937
173.4377956
173.8058529
176.4500622
165.6260992
169.256848
180.4106066
197.0173443
209.8054008
212.6969878
229.4326786
211.8549882
221.432637
234.996455
221.0799258
254.0821653
243.9381338
260.5874663
245.5418504
285.6181588
289.5907857
300.3931285
308.5359386
291.9802067
313.9184816
320.1854324
328.8458053
336.2618919
343.7570071
339.9322002
373.8964361
371.8225918
357.4026025
386.7993876
393.448998
397.3320803
425.5664092
410.7480194
444.2813817
435.9934453
457.5299871
463.9053193
454.5173268
474.4010295
478.2985336
477.5489955
515.109783
490.5785779
522.2768115
516.2727254
557.2510919
536.4469512
